A
  3.25000  9.42000  7.34000  0.12000  5.98000
  5.73000  7.11000  8.93000  6.32000  7.12000
  8.23000  5.44000  3.12000  0.29000  4.23000
  5.42000  6.22000  2.93000  4.32000  9.22000
  7.13000  1.36000  9.34000  4.21000  4.31000
B
  1.23000  0.34000  9.24000  6.24000  8.88000
  2.59000  0.13000  3.19000  7.36000  6.35000
  7.12000  9.44000  3.19000  0.25000  8.41000
  3.42000  9.43000  4.23000  7.99000  8.43000
  5.24000  0.23000  2.44000  9.34000  6.87000
Y
  4.48000  9.76000  16.58000  6.36000  14.86000
  8.32000  7.24000  12.12000  13.68000  13.47000
  15.35000  14.88000  6.31000  0.54000  12.64000
  8.84000  15.65000  7.16000  12.31000  17.65000
  12.37000  1.59000  11.78000  13.55000  11.18000
